12889
12890
12891
12894
12892
12895
12896
12893
12897
12899
12900
12902
12898
12903
12904
12901
12905
12907
12908
12910
12911
12912
12906
12909
12914
12915
12917
12918
12920
12921
12922
12916
12923
12924
12919
12926
12927
12929
12930
12931
12925
12932
12928
12933
12934
12936
12938
12939
12940
12935
12941
12937
12942
12943
12944
12947
12948
12949
12945
12950
12946
12951
12952
12955
12956
12957
12953
12954
12958
12959
12960
12962
12963
12965
12961
12966
12967
12964
12968
12969
12971
12973
12974
12970
12975
12972
12976
12977
12978
12980
12982
12979
12983
12984
12981
12985
12986
12988
12989
12991
12992
12987
12993
12990
12994
12995
12997
12999
13000
13001
13002
12996
12998
13003
13004
13005
13006
13008
13010
13011
13007
13012
13013
13009
13014
13015
13018
13019
13020
13016
13021
13022
13017
13023
13025
13026
13028
13029
13024
13027
13030
13031
13032
13035
13036
13037
13038
13033
13039
13034
13040
13041
13043
13045
13046
13042
13047
13044
13048
13049
13051
13053
13050
13054
13055
13056
13052
13057
13058
13059
13061
13062
13064
13065
13060
13066
13063
13067
13068
13070
13071
13073
13074
13069
13075
13072
13076
13077
13079
13080
13082
13083
13084
13078
13081
13085
13086
13088
13089
13091
13092
13087
13093
13090
13094
13095
13097
13099
13100
13101
13096
13102
13103
13098
13104
13105
13107
13109
13110
13106
13111
13112
13108
13113
13114
13115
13118
13119
13120
13116
13121
13122
13117
13123
13124
13126
13128
13129
13125
13130
13127
13131
13132
13134
13135
13137
13138
13133
13139
13140
13136
13141
13142
13145
13146
13147
13143
13148
13144
13149
13150
13152
13154
13155
13151
13156
13157
13153
13158
13159
13161
13162
13164
13165
13166
13160
13167
13163
13168
13169
13171
13173
13174
13175
13170
13176
13172
13177
13178
13179
13181
13183
13184
13180
13185
13182
13186
13187
13188
13190
13191
13193
13194
13189
13195
13192
13196
13197
13200
13201
13198
13202
13203
13199
13204
13206
13207
13209
13210
13205
13211
13208
13212
13213
13215
13216
13218
13219
13214
13220
13217
13221
13222
13224
13226
13227
13223
13228
13229
13225
13230
13232
13233
13235
13236
13231
13237
13234
13238
13239
13240
13242
13243
13245
13246
13241
13247
13244
13248
13249
13250
13252
13253
13255
13251
13256
13257
13254
13258
13260
13261
13263
13264
13259
13265
13262
13266
13267
13269
13271
13272
13268
13273
13274
13270
13275
13276
13278
13280
13281
13277
13282
13279
13283
13284
13285
13287
13288
13290
13286
13291
13292
13289
13293
13294
13296
13298
13299
13295
13300
13297
13301
13302
13304
13305
13307
13308
13309
13303
13310
13306
13311
13312
13314
13315
13317
13313
13318
13319
13316
13320

